3 0.10096153846153846 0.1502403846153846 0.20192307692307693 0.25240384615384615
1 0.6682692307692307 0.37259615384615385 0.27884615384615385 0.22596153846153846
3 0.41466346153846156 0.8810096153846154 0.08413461538461539 0.23317307692307693
3 0.3545673076923077 0.5913461538461539 0.07932692307692307 0.20673076923076922
3 0.20552884615384615 0.6262019230769231 0.08173076923076923 0.2548076923076923
3 0.09495192307692307 0.6057692307692307 0.07451923076923077 0.21394230769230768
3 0.8810096153846154 0.9194711538461539 0.08413461538461539 0.15625
3 0.8197115384615384 0.65625 0.07692307692307693 0.22596153846153846
3 0.671875 0.703125 0.08173076923076923 0.2548076923076923
3 0.9855769230769231 0.5961538461538461 0.02403846153846154 0.21634615384615385
3 0.5649038461538461 0.6826923076923077 0.07211538461538461 0.21634615384615385