2 0.9362980769230769 0.21153846153846154 0.12259615384615384 0.12980769230769232
4 0.16346153846153846 0.35697115384615385 0.3269230769230769 0.07451923076923077
4 0.29447115384615385 0.6189903846153846 0.38221153846153844 0.17067307692307693
4 0.1622596153846154 0.8978365384615384 0.3245192307692308 0.17067307692307693
3 0.5336538461538461 0.5877403846153846 0.07451923076923077 0.09134615384615384
3 0.5360576923076923 0.9723557692307693 0.0673076923076923 0.05048076923076923
1 0.5384615384615384 0.375 0.07211538461538461 0.09134615384615384
1 0.8377403846153846 0.9651442307692307 0.07451923076923077 0.06490384615384616
1 0.8341346153846154 0.7788461538461539 0.0673076923076923 0.09134615384615384
1 0.8377403846153846 0.5817307692307693 0.07211538461538461 0.09134615384615384
1 0.8329326923076923 0.38341346153846156 0.07451923076923077 0.08653846153846154
1 0.5360576923076923 0.7932692307692307 0.06490384615384616 0.08173076923076923